Considering n = 10
x1 = [[ 1.62434536] [-0.61175641] [-0.52817175] [-1.07296862] [ 0.86540763] [-2.3015387 ] [ 1.74481176] [-0.7612069 ] [ 0.3190391 ] [-0.24937038]]
x2 = [[ 1.46210794] [-2.06014071] [-0.3224172 ] [-0.38405435] [ 1.13376944] [-1.09989127] [-0.17242821] [-0.87785842] [ 0.04221375] [ 0.58281521]]
x3 = [[-1.10061918] [ 1.14472371] [ 0.90159072] [ 0.50249434] [ 0.90085595] [-0.68372786] [-0.12289023] [-0.93576943] [-0.26788808] [ 0.53035547]]

Optimal value is 0.35737598685061606
The optimal matrix is:
[[  1.33056625e-01  -1.15584813e-01  -6.78751271e-02  -6.55360071e-02    2.36678016e-03  -5.66881072e-02   5.63879044e-02   7.42819010e-03  2.41187143e-02  -2.34456392e-02]
 [ -1.15584813e-01   1.00407243e-01   5.89623696e-02   5.69304018e-02   -2.05599466e-03   4.92443285e-02  -4.89835466e-02  -6.45278714e-03  -2.09516594e-02   2.03669670e-02]
 [ -6.78751271e-02   5.89623696e-02   3.46246029e-02   3.34313664e-02   -1.20734638e-03   2.89178562e-02  -2.87647165e-02  -3.78928456e-03  -1.23034895e-02   1.19601391e-02]
 [ -6.55360071e-02   5.69304018e-02   3.34313664e-02   3.22792504e-02   -1.16573950e-03   2.79212870e-02  -2.77734241e-02  -3.65869704e-03  -1.18794853e-02   1.15479672e-02]
 [  2.36678016e-03  -2.05599466e-03  -1.20734638e-03  -1.16573950e-03    4.21005113e-05  -1.00835721e-03   1.00301621e-03   1.32129484e-04  4.29018040e-04  -4.17045318e-04]
 [ -5.66881072e-02   4.92443285e-02   2.89178562e-02   2.79212870e-02   -1.00835721e-03   2.41516861e-02  -2.40237848e-02  -3.16474079e-03  -1.02756570e-02   9.98889611e-03]
 [  5.63879044e-02  -4.89835466e-02  -2.87647165e-02  -2.77734241e-02    1.00301621e-03  -2.40237848e-02   2.38965602e-02   3.14798236e-03  1.02212402e-02  -9.93599801e-03]
 [  7.42819010e-03  -6.45278714e-03  -3.78928456e-03  -3.65869704e-03    1.32129484e-04  -3.16474079e-03   3.14798236e-03   4.14696435e-04  1.34648235e-03  -1.30890664e-03]
 [  2.41187143e-02  -2.09516594e-02  -1.23034895e-02  -1.18794853e-02    4.29018040e-04  -1.02756570e-02   1.02212402e-02   1.34648235e-03  4.37191524e-03  -4.24990987e-03]
 [ -2.34456392e-02   2.03669670e-02   1.19601391e-02   1.15479672e-02   -4.17045318e-04   9.98889611e-03  -9.93599801e-03  -1.30890664e-03  -4.24990987e-03   4.13130793e-03]]

Eigen values are:
[ -2.70064315e-09  -6.56323297e-10  -6.56323256e-10  -6.56323253e-10  -6.56323251e-10  -6.56323251e-10  -6.56323245e-10  -6.56323237e-10   6.94593971e-09   3.57375987e-01]
